$SPEC_ID:
No sample description was entered.
$SPEC_REM:
DET# 2
DETDESC# SPACESCIENCE8 digiBASE-RH SN 15121449
AP# Maestro Version 7.01
$DATE_MEA:
09/30/2024 15:34:05
$MEAS_TIM:
600 600
$DATA:
0 1023
       0
       0
       0
       0
       0
       0
       0
       0
       0
       0
      55
     182
     205
     219
     209
     236
     268
     276
     310
     321
     321
     405
     432
     453
     474
     504
     552
     528
     582
     569
     564
     630
     595
     597
     571
     625
     623
     580
     579
     577
     600
     568
     549
     540
     545
     558
     525
     507
     498
     453
     454
     463
     451
     438
     391
     436
     383
     421
     363
     387
     362
     342
     353
     332
     361
     349
     367
     318
     342
     340
     322
     318
     330
     314
     293
     287
     308
     300
     308
     279
     314
     273
     279
     263
     264
     227
     255
     261
     245
     249
     271
     227
     246
     242
     221
     237
     210
     243
     203
     229
     211
     228
     209
     200
     204
     227
     191
     194
     194
     186
     179
     193
     190
     189
     190
     190
     173
     162
     179
     183
     170
     161
     159
     163
     159
     145
     178
     203
     165
     158
     157
     137
     151
     161
     170
     135
     128
     113
     135
     132
     140
     122
     121
     115
     126
     123
     133
     123
     113
     112
     108
     124
     116
     111
      97
     115
      99
     105
     100
     110
     100
     121
     115
      90
      87
      88
     116
     116
     127
      95
     108
     103
      96
      96
      83
     116
      90
      79
      94
      94
      80
      89
     106
      91
      93
      72
      79
      77
      80
      75
      65
      59
      72
      64
      64
      75
      73
      85
      65
      59
      51
      63
      71
      56
      62
      68
      57
      66
      59
      79
      61
      55
      60
      56
      65
      51
      62
      56
      54
      70
      50
      68
      58
      57
      54
      43
      45
      52
      56
      60
      50
      46
      64
      51
      51
      45
      38
      57
      36
      53
      45
      43
      49
      52
      59
      61
      37
      40
      54
      49
      40
      46
      57
      38
      56
      62
      48
      47
      48
      38
      45
      49
      46
      41
      50
      49
      62
      31
      35
      58
      38
      53
      47
      37
      41
      54
      39
      47
      41
      61
      28
      41
      51
      62
      54
      41
      41
      47
      46
      53
      53
      49
      53
      48
      47
      37
      52
      46
      48
      46
      49
      47
      42
      63
      47
      48
      49
      61
      46
      48
      65
      48
      43
      49
      48
      30
      45
      42
      48
      57
      57
      50
      52
      55
      39
      45
      40
      33
      42
      39
      42
      47
      50
      50
      47
      42
      40
      45
      41
      48
      32
      39
      39
      36
      35
      52
      43
      31
      48
      31
      25
      41
      34
      31
      29
      34
      30
      28
      44
      26
      37
      29
      28
      22
      25
      25
      23
      26
      23
      26
      21
      28
      24
      23
      21
      20
      17
      23
      21
      16
      22
      31
      35
      25
      19
      24
      21
      21
      27
      17
      16
      23
      25
      24
      16
      16
      28
      25
      24
      16
      25
      22
      25
      21
      22
      27
      29
      13
      23
      19
      25
      25
      20
      26
      25
      18
      22
      22
      24
      14
      27
      17
      16
      13
      18
      20
      17
      19
      19
      13
      15
      27
      17
      15
      15
      20
      12
      18
      15
      21
      20
      20
      22
      20
      18
      16
      18
      21
      17
      13
      26
      13
      19
      23
      14
      25
      22
      24
      21
      18
      22
      22
      14
      17
      19
      17
      20
      11
      19
      12
      19
      22
      24
      25
      19
      18
      21
      20
      25
      16
      18
      15
      13
      16
      16
      20
      17
      17
      16
      17
      16
      21
      15
      22
      18
      18
      20
      16
      16
      12
      14
      22
      14
      19
      16
      16
      11
      13
       9
      18
      13
      16
       8
      15
      14
      14
      13
      10
      13
      11
      16
      14
      13
      13
      10
      16
      12
      11
       8
      10
      13
      10
      18
      10
      18
      13
      17
      12
      10
      11
      12
      10
      12
      15
      17
      13
      13
      12
       9
      11
      15
      10
      18
      22
      16
      16
      27
      20
       9
      24
      26
      21
      27
      25
      16
      32
      20
      30
      19
      29
      25
      30
      25
      34
      30
      36
      23
      35
      35
      34
      32
      36
      41
      30
      34
      41
      43
      46
      41
      44
      32
      37
      47
      47
      51
      43
      47
      40
      40
      37
      41
      33
      43
      38
      41
      54
      49
      36
      39
      55
      38
      41
      36
      33
      40
      34
      37
      36
      28
      31
      38
      44
      38
      27
      28
      26
      28
      25
      26
      28
      23
      22
      18
      23
      17
      31
      27
      22
      20
      33
      23
      22
      29
      16
      16
      26
      25
      30
      28
      23
      21
      27
      24
      27
      28
      26
      26
      25
      22
      24
      26
      24
      29
      38
      28
      33
      35
      35
      31
      38
      33
      38
      33
      39
      36
      43
      24
      33
      41
      37
      35
      26
      41
      31
      39
      36
      47
      28
      34
      38
      25
      41
      36
      40
      34
      32
      24
      30
      35
      26
      39
      39
      23
      30
      32
      36
      33
      30
      26
      31
      20
      21
      17
      30
      16
      15
      23
      28
      20
      26
      23
      23
      22
      19
      24
      31
      19
      20
      17
      15
      20
      16
      21
      22
      23
      15
      13
      16
      13
      22
      15
      21
      13
      22
      20
      23
      13
      13
      12
      17
      18
      17
      23
      17
      26
      10
      18
      15
      18
      18
      18
      14
      14
       9
       8
      15
      16
      12
      15
      14
       9
      10
      13
      12
       9
      10
      22
       8
       5
       6
       9
       8
      13
       4
       5
       8
       4
       5
       9
       4
       4
       4
       3
       3
       2
       6
       6
       4
       6
       5
       3
       6
       3
       2
       1
       2
       3
       2
       4
       5
       4
       2
       3
       0
       4
       5
       1
       1
       4
       2
       1
       0
       3
       5
       6
       3
       3
       2
       1
       5
       3
       1
       2
       5
       2
       3
       4
       1
       1
       4
       3
       0
       2
       5
       1
       2
       1
       2
       1
       2
       1
       0
       2
       1
       2
       2
       3
       4
       4
       2
       2
       5
       4
       1
       6
       4
       5
       3
       3
       6
       3
       2
       3
       3
       6
       3
       4
       4
       3
       1
       4
       3
       1
       2
       2
       0
       0
       3
       3
       8
       3
       1
       2
       0
       2
       3
       4
       0
       5
       2
       2
       5
       3
       0
       1
       2
       1
       3
       1
       1
       2
       1
       2
       3
       6
       3
       3
       3
       5
       5
       2
       1
       3
       1
       6
       6
       5
       9
       5
       3
       1
       3
       3
       0
       4
       0
       0
       2
       4
       1
       3
       1
       4
       1
       2
       2
       1
       4
       2
       3
       1
       4
       4
       0
       1
       0
       3
       1
       0
       0
       3
       2
       1
       3
       3
       1
       2
       1
       2
       2
       2
       2
       0
       0
       1
       5
       1
       1
       2
       1
       2
       3
       2
       1
       0
       0
       1
       2
       1
       0
       0
       0
       1
       1
       1
       1
       1
       3
       4
       2
       1
       2
       0
       0
       1
       1
       0
       0
       0
       1
       1
       0
       1
       0
       1
       1
       2
       1
       0
       1
       2
       0
       1
       0
$ROI:
4
10 146
279 400
564 664
667 763
$PRESETS:
None
0
0
$ENER_FIT:
0.000000 2.191293
$MCA_CAL:
3
0.000000E+000 2.191293E+000 0.000000E+000 keV
$SHAPE_CAL:
3
1.167119E+001 0.000000E+000 0.000000E+000
