$SPEC_ID:
No sample description was entered.
$SPEC_REM:
DET# 2
DETDESC# SPACESCIENCE8 digiBASE-RH SN 15121449
AP# Maestro Version 7.01
$DATE_MEA:
09/30/2024 16:37:18
$MEAS_TIM:
297 300
$DATA:
0 1023
       0
       0
       0
       0
       0
       0
       0
       0
       0
       0
     609
    2502
    3038
    3203
    3246
    3072
    2803
    2413
    1933
    1547
    1294
    1048
     884
     805
     766
     731
     698
     695
     686
     785
     790
     803
     816
     861
     887
     906
     888
     884
     877
     943
     903
     952
     935
     972
     906
     899
     896
     903
     884
     952
     936
     934
     937
     954
     908
     903
     973
     908
     908
     892
     946
     913
    1005
     906
     926
     897
     883
     935
     957
     945
     928
     904
     928
     923
     899
     889
     948
     901
     912
     960
     944
    1001
     983
     973
    1033
    1070
    1038
    1038
    1036
    1088
    1041
    1091
    1148
    1127
    1150
    1122
    1142
    1058
    1098
    1167
    1049
    1143
    1054
    1123
    1047
    1123
    1114
    1120
    1097
    1023
    1065
    1026
    1031
    1018
     993
    1027
    1000
     929
     934
     887
     946
     958
     910
     946
    1000
     876
     896
     908
     885
     847
     796
     883
     814
     782
     823
     832
     818
     774
     777
     808
     782
     793
     733
     695
     744
     720
     710
     688
     699
     692
     686
     671
     709
     650
     642
     666
     709
     665
     572
     601
     569
     562
     552
     576
     588
     589
     554
     509
     530
     566
     579
     510
     555
     522
     498
     554
     509
     507
     512
     527
     494
     530
     487
     553
     477
     488
     480
     506
     436
     477
     432
     470
     442
     432
     478
     440
     461
     489
     435
     414
     416
     385
     416
     431
     409
     424
     428
     416
     384
     390
     391
     412
     391
     370
     378
     373
     413
     381
     380
     334
     363
     358
     347
     331
     345
     342
     367
     319
     351
     330
     354
     294
     311
     302
     311
     295
     277
     290
     311
     274
     280
     302
     253
     257
     241
     220
     248
     250
     231
     229
     187
     205
     206
     226
     183
     184
     181
     162
     185
     172
     151
     162
     144
     136
     158
     135
     129
     129
     131
     143
     139
     124
     130
     129
     132
     140
     112
     129
     128
     130
     143
     153
     163
     147
     178
     137
     173
     175
     179
     222
     209
     250
     238
     257
     296
     279
     290
     370
     363
     472
     455
     554
     531
     617
     697
     715
     832
     880
    1007
    1045
    1215
    1296
    1491
    1600
    1614
    1804
    1944
    2199
    2237
    2437
    2676
    2741
    2888
    3081
    3144
    3384
    3604
    3573
    3803
    3876
    4054
    4118
    4340
    4402
    4489
    4342
    4590
    4486
    4522
    4502
    4488
    4467
    4469
    4305
    4243
    4108
    4043
    3976
    3868
    3695
    3457
    3545
    3336
    3117
    2910
    2744
    2709
    2464
    2361
    2206
    2007
    1953
    1655
    1641
    1499
    1385
    1282
    1083
     995
     927
     812
     778
     658
     636
     567
     498
     413
     365
     354
     309
     255
     254
     206
     183
     169
     124
     138
     108
      93
      81
      66
      46
      40
      52
      43
      36
      24
      26
      24
      21
      17
      22
      11
      12
      17
      13
      14
      13
       8
      18
      15
      14
       2
       7
      12
       9
       8
       8
       7
       5
      11
       7
      12
      11
      10
      11
       9
       9
       3
       3
       5
      12
       8
      13
       9
      14
       5
       9
       6
      11
      12
      11
      10
      15
       9
      12
       8
      11
       4
      10
       8
      15
       5
       8
      10
       9
       8
       8
       7
       9
       6
      10
       7
       4
       6
       7
       5
      11
      15
       5
      10
       9
       6
      12
       9
       4
      11
      15
       9
       7
       6
       9
       6
       9
       6
       9
      10
       5
       9
       7
      15
       8
       9
       9
       9
      13
      15
       3
       8
      11
       6
      11
       4
       5
      13
      11
       9
      11
       3
       9
       6
      17
       8
       4
      10
      12
       9
       4
       6
       8
       6
      10
       7
       8
       5
       3
       9
       8
       1
       8
       6
       5
       4
       3
       5
       5
       7
       5
       2
       8
       6
       5
       5
       9
       8
       6
       6
       9
       2
       8
       5
       5
       5
       9
       8
       6
       7
       7
       6
       8
       4
       3
       5
       9
       7
       4
       6
       7
       7
       7
       6
       7
       8
       6
       5
      15
       9
       6
       4
       8
       9
       5
       6
       3
       7
       6
       3
       7
       4
       5
       6
       4
       4
       7
       1
       8
       7
       7
       3
       8
       3
       3
       7
       7
       4
       7
       4
      12
       1
       4
       2
       3
       2
       6
      11
       4
       3
       4
       5
       9
       6
       4
       7
       8
       5
       4
       5
       7
       4
       8
       3
       9
       2
       5
       4
       5
       4
       5
       7
       7
       5
       6
       4
       3
       2
       4
       4
       6
       4
       6
       7
       6
       1
       3
       4
       8
       8
       6
       7
       0
       4
       3
       4
       8
       7
       2
       6
       8
       8
       3
       5
       5
       4
       7
       6
       5
       4
       7
       5
       5
       4
       3
       7
       6
       3
       1
       2
       5
       2
       1
       1
       3
       4
       0
       6
       3
       8
       2
       2
       1
       6
       5
       3
       4
       4
       7
       6
       7
       7
       4
       1
       4
       3
       7
       7
       4
       4
       8
       5
      10
       5
       0
       9
       8
       6
       7
       5
       4
       9
       9
       7
       7
       3
      13
       3
       7
      10
       8
       9
      13
       6
       9
      10
      13
       4
      10
      12
       7
       9
       6
       8
       9
      10
       6
      14
      10
       7
      12
       5
      17
       8
       9
      11
       3
       9
       6
       4
      10
       5
      11
       4
       8
       8
       9
      10
      13
       8
      10
       7
       5
      10
       2
       6
       5
       4
       4
       3
       9
       5
       4
       2
       5
       2
       5
       6
       3
       3
       5
       3
       7
       0
       4
       2
       1
       0
       6
       3
       1
       1
       0
       2
       1
       3
       1
       0
       1
       3
       2
       1
       1
       1
       4
       3
       3
       0
       0
       2
       1
       5
       3
       1
       2
       0
       1
       4
       1
       2
       3
       3
       0
       1
       4
       3
       1
       1
       1
       1
       0
       0
       3
       0
       2
       0
       2
       3
       0
       0
       2
       1
       1
       2
       1
       0
       2
       0
       3
       2
       1
       0
       0
       1
       3
       1
       0
       4
       1
       0
       3
       3
       1
       1
       3
       1
       0
       1
       2
       4
       3
       4
       3
       3
       2
       0
       2
       1
       3
       2
       4
       4
       2
       3
       2
       0
       1
       2
       0
       2
       3
       0
       3
       1
       0
       3
       1
       2
       2
       0
       1
       1
       6
       4
       1
       3
       0
       1
       0
       2
       2
       1
       2
       2
       2
       0
       2
       2
       2
       3
       1
       1
       1
       0
       1
       0
       1
       0
       1
       2
       1
       0
       1
       1
       0
       2
       1
       1
       1
       1
       3
       2
       1
       0
       2
       0
       0
       0
       4
       1
       0
       1
       2
       0
       0
       1
       0
       0
       0
       1
       2
       1
       0
       0
       0
       0
       0
       1
       1
       0
       0
       0
       0
       0
       1
       0
       0
       0
       0
       1
       0
       0
       1
       0
       1
       0
       0
       0
       0
       1
       1
       0
       0
       0
       1
       0
       0
       0
       0
       1
       2
       0
       0
       0
       0
       0
       2
$ROI:
4
10 146
279 400
564 664
667 763
$PRESETS:
None
0
0
$ENER_FIT:
0.000000 2.191293
$MCA_CAL:
3
0.000000E+000 2.191293E+000 0.000000E+000 keV
$SHAPE_CAL:
3
1.167119E+001 0.000000E+000 0.000000E+000
